17
C
10 1
1
10
0
0
0
C
1 15
2
35
0
0
0
V
1 9
1
20
0
0
0
T
1 13
1
30
0
0
0
C
2 3
1
40
0
0
0
T
3 1
1
30
0
0
0
V
3 8
1
20
0
0
0
C
3 14
1
40
0
0
0
F
4 5
1
80
0
0
0
F
5 12
1
80
0
0
0
T
6 3
1
30
0
0
0
T
7 10
1
30
0
0
0
C
8 2
1
40
0
0
0
V
8 6
1
20
0
0
0
T
8 15
1
30
0
0
0
C
9 13
1
40
0
0
0
T
10 3
1
5
0
0
0
2
R
G
0
0
0
0
0
0
0
0
0
0
1
IU 
1
IU 
2
1
17
1
2
0 0 0 0 0 0 0 0 0 0 0 0 1 0 0 0 1
0 0 0 1 0 0 0 1 0 0 0 0 0 0 0 0 0
0 0 0 1 0 0 1 1 0 0 0 0 0 0 0 0 0
0 1 1 0 0 0 0 1 0 0 0 0 0 0 0 0 0
0 0 0 0 0 1 1 0 1 0 0 0 0 0 0 0 0
0 0 0 0 1 0 0 0 1 0 1 0 0 0 0 0 0
0 0 1 0 1 0 0 1 1 1 0 0 0 0 0 0 0
0 1 1 1 0 0 1 0 0 1 0 0 0 0 1 0 0
0 0 0 0 1 1 1 0 0 1 1 1 0 0 0 0 0
0 0 0 0 0 0 1 1 1 0 0 1 0 0 1 0 0
0 0 0 0 0 1 0 0 1 0 0 1 1 1 0 0 0
0 0 0 0 0 0 0 0 1 1 1 0 0 1 0 1 0
1 0 0 0 0 0 0 0 0 0 1 0 0 1 0 0 1
0 0 0 0 0 0 0 0 0 0 1 1 1 0 0 0 1
0 0 0 0 0 0 0 1 0 1 0 0 0 0 0 1 0
0 0 0 0 0 0 0 0 0 0 0 1 0 0 1 0 0
1 0 0 0 0 0 0 0 0 0 0 0 1 1 0 0 0
10
15
0 0 0 0 0 0 0 0 3 0 0 0 4 0 2 
0 0 5 0 0 0 0 0 0 0 0 0 0 0 0 
6 0 0 0 0 0 0 7 0 0 0 0 0 8 0 
0 0 0 0 9 0 0 0 0 0 0 0 0 0 0 
0 0 0 0 0 0 0 0 0 0 0 10 0 0 0 
0 0 11 0 0 0 0 0 0 0 0 0 0 0 0 
0 0 0 0 0 0 0 0 0 12 0 0 0 0 0 
0 13 0 0 0 14 0 0 0 0 0 0 0 0 15 
0 0 0 0 0 0 0 0 0 0 0 0 16 0 0 
1 0 17 0 0 0 0 0 0 0 0 0 0 0 0 
END OF LINE
