17
C
10 1
1
0
0
0
C
1 15
1
0
0
0
V
1 9
1
0
0
0
T
1 13
1
0
0
0
C
2 3
1
0
0
0
T
3 1
1
0
0
0
V
3 8
1
0
0
0
C
3 14
1
0
0
0
F
4 5
1
0
0
0
F
5 12
1
0
0
0
T
6 3
1
0
0
0
T
7 10
1
0
0
0
C
8 2
1
0
0
0
V
8 6
1
0
0
0
T
8 15
1
0
0
0
C
9 13
1
0
0
0
T
10 3
1
0
0
0
1
R
B
0
0
0
0
0
0
0
0
0
0
1
IU
1
IU
2
C
40
10 1
T
30
10 3
4
C
40
1 15
T
30
1 13
V
20
3 8
C
40
3 14
0 0 0 0 0 0 0 0 0 0 0 0 1 0 0 0 1
0 0 0 1 0 0 0 1 0 0 0 0 0 0 0 0 0
0 0 0 1 0 0 1 1 0 0 0 0 0 0 0 0 0
0 1 1 0 0 0 0 1 0 0 0 0 0 0 0 0 0
0 0 0 0 0 1 1 0 1 0 0 0 0 0 0 0 0
0 0 0 0 1 0 0 0 1 0 1 0 0 0 0 0 0
0 0 1 0 1 0 0 1 1 1 0 0 0 0 0 0 0
0 1 1 1 0 0 1 0 0 1 0 0 0 0 1 0 0
0 0 0 0 1 1 1 0 0 1 1 1 0 0 0 0 0
0 0 0 0 0 0 1 1 1 0 0 1 0 0 1 0 0
0 0 0 0 0 1 0 0 1 0 0 1 1 1 0 0 0
0 0 0 0 0 0 0 0 1 1 1 0 0 1 0 1 0
1 0 0 0 0 0 0 0 0 0 1 0 0 1 0 0 1
0 0 0 0 0 0 0 0 0 0 1 1 1 0 0 0 1
0 0 0 0 0 0 0 1 0 1 0 0 0 0 0 1 0
0 0 0 0 0 0 0 0 0 0 0 1 0 0 1 0 0
1 0 0 0 0 0 0 0 0 0 0 0 1 1 0 0 0
